30 -61
20
0 0 40 2400
1800 0 40 2400
900 -1200 1840 40
900 1200 1840 40
900 150 1840 300
150 0 40 150
300 0 40 300
450 0 40 180
720 -230 500 40
1120 -320 80 100
1350 -400 80 100
1580 -500 80 100
1720 -650 120 40
820 -750 1600 40
80 -900 120 300
160 -860 80 250
240 -840 80 200
320 -820 80 150
400 -800 80 100
480 -780 80 50
75
145 -100 10
295 -170 10
380 -250 10
500 -280 10
575 -280 10
650 -280 10
725 -280 10
790 -280 10
865 -280 10
940 -280 10
1095 -400 10
1140 -400 10
1210 -465 10
1320 -480 10
1370 -480 10
1440 -570 10
1545 -590 10
1590 -590 10
1620 -670 10
1670 -700 10
1710 -700 10
1750 -700 10
1550 -800 10
1550 -850 10
1550 -900 10
1450 -800 10
1450 -850 10
1450 -900 10
1350 -800 10
1350 -850 10
1350 -900 10
1250 -800 10
1250 -850 10
1250 -900 10
1150 -800 10
1150 -850 10
1150 -900 10
1050 -800 10
1050 -850 10
1050 -900 10
950 -800 10
950 -850 10
950 -900 10
850 -800 10
850 -850 10
850 -900 10
750 -800 10
750 -850 10
750 -900 10
650 -800 10
650 -850 10
650 -900 10
550 -800 10
550 -850 10
550 -900 10
475 -840 10
475 -890 10
475 -940 10
475 -990 10
395 -890 10
395 -940 10
395 -990 10
395 -1040 10
310 -930 10
310 -980 10
310 -1030 10
310 -1080 10
235 -980 10
235 -1030 10
235 -1080 10
235 -1130 10
175 -1030 10
175 -1080 10
175 -1130 10
70 -1130 30