50 0
38 
0 0 40 2400 
1800 0 40 2400
900 -1200 1840 40
900 1200 1840 40
100 100 240 40
550 100 200 40
1020 100 350 40
1020 -30 230 40
1020 -155 230 40
960 -280 100 40
1020 -520 230 20
1510 -400 550 40
1400 -440 50 50
1400 -610 50 150
1600 -440 50 50
1600 -610 50 150
1755 -575 50 50
1510 -700 550 40
580 -400 600 40
300 -600 40 400
355 -490 70 20
355 -600 70 20
355 -700 70 20
270 1000 500 400
550 1040 70 330
620 1070 70 250
680 1100 70 170
740 1130 70 100
1000 1130 40 110
1270 1020 300 150
1700 1050 200 300
1550 700 150 40
1760 800 50 30
1400 600 50 30
1550 500 150 40
1760 400 50 30
1550 300 100 40
1350 175 150 40	
0
0 0 0 0